
==============================================================================
gnd indv_pctile age_at_d yod  lag      mortrate        indv_inc   deaths count
------------------------------------------------------------------------------
 F       1         40    2001  2  0.0019118631106013 1.6370008852   40   20922
 F       1         40    2002  2  0.0026265520534862 1.4019951792   55   20940
 F       1         40    2003  2  0.0018471709119191 0.9445580756   38   20572
 F       1         40    2004  2  0.0025641025641026 0.7256385953   51   19890
 F       1         40    2005  2  0.0025740761926553 0.6136361351   45   17482
 F       1         40    2006  2  0.0019067915428187 0.5992825352   34   17831
 F       1         40    2007  2  0.0025565045610365 0.580803894    44   17211
 F       1         40    2008  2  0.0023925933631541 0.6439602256   46   19226
 F       1         40    2009  2  0.0021555490824352 0.5465581434   37   17165
------------------------------------------------------------------------------
