
National mortality rates by gender, age, year, and individual income percentile
===================================================================================
Statistic     N       Mean     St. Dev.    Min   Pctl(25)   Pctl(75)       Max     
-----------------------------------------------------------------------------------
indv_pctile 85,400   50.500     28.866      1      25.8       75.2         100     
age_at_d    85,400   55.016      9.246     40       47         62          76      
yod         85,400 2,008.033     3.996    2,001   2,005      2,012        2,014    
lag         85,400   3.066       2.515      2       2          2           15      
mortrate    85,400   0.006       0.006    0.000   0.002      0.008        0.068    
indv_inc    85,400 59,746.990 130,190.900 0.486 17,391.660 63,741.860 2,447,709.000
deaths      85,400   77.132     59.199      0       33        106          558     
count       85,400 16,145.100  3,992.271  4,730  12,361.8    19,452      23,229    
-----------------------------------------------------------------------------------
